0
1
2
3
0
1
3
2
0
1
3
2
0
0
2
3
0
8
F
D
0
8
F
D
0
8
F
D
0
0
3
4
0
1
A
C
0
1
A
C
0
1
A
C
0
0
C
B
0
5
4
3
0
5
4
3
0
5
4
3
0
0
0
4
0
E
D
F
0
E
D
F
0
E
D
F
0
0
D
F
0
F
D
1
0
F
D
1
0
F
D
1
0
0
4
4
0
1
D
F
0
1
D
F
0
1
D
F
0
0
D
F
C
1
2
3
C
1
2
3
C
1
2
3
C
0
0
2
C
0
0
2
0
0
0
0
0
0
0
0
0
0
0
0
0
0
0
0
0
0
0
0
0
0
0
0
0
0
0
0
0
0
0
0
0
0
0
0
0
0
0
0
0
0
0
0
0
0
0
0
0
0
0
0
0
0
0
0
0
0
0
0
0
0
0
0
0
0
0
0
0
0
0
0
0
0
0
0
0
0
0
0
0
0
0
0
0
0
0
0
0
0
0
0
0
0
0
0
0
0
0
0
0
0
0
0
0
0
0
0
0
0
0
0
0
0
0
0
0
0
0
0
0
0
0
0