0
0
0
0
0
0
0
0
0
0
0
0
0
0
0
0
3
3
A
A
5
5
D
D
9
9
9
9
9
9
9
9
F
F
1
1
D
D
9
9
1
1
1
1
1
1
1
1
6
6
7
7
1
1
F
F
3
3
3
3
3
3
3
3
0
0
0
0
0
0
0
0
0
0
0
0
0
0
0
0
3
3
A
A
5
5
3
3
7
7
7
7
7
7
7
7
F
F
1
1
D
D
0
0
F
F
F
F
F
F
F
F
6
6
7
7
1
1
E
E
D
D
D
D
D
D
D
D
0
0
0
0
0
0
0
0
0
0
0
0
0
0
0
0
3
3
A
A
5
5
0
F
0
0
0
0
0
0
0
0
F
F
1
1
D
D
0
F
B
C
1
0
E
E
E
E
6
6
7
7
1
1
3
D
1
0
0
0
0
0
0
0
0
0
0
0
0
0
0
0
0
0
0
0
0
0
0
0
0
0
0
0
0
0
0
0
0
0
0
0
0
0
0
0
0
0
0
0
0
0
0
0
0
0
0
0
0
0
0
0
0
0
0
0
0
0
0
0
0
0
0
0
0
0
0
0